Year	Arabica (in hectares)	Arabica %	Robusta (in hectares)	Robusta %	Total (in hectares)
2000-01	167679	48	179037	52	346716
2001-02	165892	48	181103	52	346995
2002–03	171180	48	182872	52	354052
2003-04	170294	48	184546	52	354840
2004-05	174315	48	188769	52	363084
2005-06	177728	47	201981	53	379709
2006-07	179096	47	201989	53	381085
2007-08	184418	48	203777	52	388195
2008-09	189511	48	204841	52	394352
2009-10	193995	49	205688	51	399683
2010-11	197930	49	206715	51	404645
2011-12	201070	49	208620	51	409690
2012-13	205775	50	209566	50	415341
2013-14	209385	50	209590	50	418975
2014-15	213462	50	209808	50	423270
2015-16	221379	51	213057	49	434436
2016-17	223816	50	225541	50	449357
2017-18	228910	50	225812	50	454722
2018-19	233081	51	226814	49	459895
2019-20	233186	51	226544	49	459730
